-63.037834 127.223785 24.399490
-177.706497 -59.136063 -58.123379
-123.887825 -123.320358 -59.757957
-107.295982 111.848389 48.040771
112.098770 98.765823 98.083069
185.279037 -82.189301 4.121035
95.928490 -73.405762 -0.662062
36.883690 10.091023 -19.319696
10.537558 -128.206741 -29.739431
87.118042 -92.130661 -45.039692
3.828832 -16.006794 -188.193237
-77.066139 137.579880 -66.382332
-149.191071 -11.831633 -86.202637
67.879257 51.304951 -33.270615
-147.417801 53.213154 -39.833347
-75.114563 88.222862 -50.191513
36.270477 117.225952 117.819260
16.217028 -70.994507 15.518117
-14.484331 -26.463921 -125.265717
-106.372375 0.689667 -1.537977
143.638779 -61.902950 -9.664495
-142.730560 -17.265802 30.722694
-96.516258 -142.445908 54.885616
-139.799820 -81.424103 20.651327
64.983376 79.502678 97.087685
-17.548069 15.128618 77.882889
-120.756439 -33.881893 -47.765324
34.361614 18.221737 96.667732
-96.478020 -54.481472 18.870134
46.074577 15.556899 38.603844
47.966286 110.678497 28.238979
-47.918236 -99.464325 25.490166
144.098129 32.751194 -70.800392
-149.592316 2.699431 -34.082970
63.863083 20.094585 148.458649
91.963173 5.535203 -122.835342
123.725967 -53.365467 -54.834740
-53.932510 176.493149 44.105965
101.911674 -99.045044 43.476772
77.645332 6.645142 -52.528515
-103.434204 -75.379189 -31.616812
19.640398 46.570522 168.470642
62.870655 -14.008798 208.433945
15.565969 52.922886 54.302917
-78.774704 81.975121 3.199185
-107.436798 -30.451473 -113.998581
-52.604408 -93.052887 85.768311
163.684738 45.532009 -8.168518
77.522598 -19.392080 84.941986
112.687294 95.476402 18.497084
-64.270218 15.703509 -127.873772
-55.547413 170.163910 -23.799305
9.743676 53.089333 -26.186857
-40.077450 18.245163 128.840042
-94.024124 7.607191 -61.197262
-155.241089 -96.819572 -26.009630
-113.569366 39.053055 -106.210068
13.751208 127.998306 -28.243160
143.985306 -112.536766 13.778807
-170.911026 -42.141464 -8.494064
117.607048 48.597931 135.057449
-12.816644 109.071472 24.743452
151.628174 -77.638931 52.511276
-36.953274 61.876408 60.626770
-7.508850 -23.401335 2.922289
107.894608 106.256561 -57.176846
13.560910 -4.676522 164.653076
-2.465532 20.530340 20.762117
-23.645622 142.944473 -69.401443
34.637035 -35.045547 116.549309
140.225128 -103.418587 -40.829052
0.693595 54.835419 -72.750107
-64.822815 -21.761795 82.283188
99.196228 -126.093872 -5.170873
7.833601 -67.881660 -84.740356
-25.298056 20.569191 -33.687244
29.142384 -106.997734 -124.166908
-74.841942 -41.493778 -75.965698
-78.513481 -93.836845 -88.010162
0.081832 53.496025 111.615036
166.632568 -31.475986 24.235777
99.826218 24.995546 78.196121
60.729179 73.306923 152.829453
-25.519613 -34.688198 53.572395
-58.958912 -174.391785 14.201079
-25.455009 58.934303 -132.902725
56.214008 -29.405376 -86.752396
-17.130123 -26.598480 109.200706
115.923111 -44.648048 35.000965
18.118443 -18.461176 65.783096
-98.325958 131.869598 -15.606675
114.423752 -14.897714 -13.886623
43.700100 106.531311 -88.300728
98.662239 46.739479 31.291870
-19.499043 -145.874268 65.624924
37.561333 -152.406906 25.827799
32.883602 -84.035049 69.664024
55.001850 45.540367 -87.728249
41.475780 4.328094 -130.730225
-44.819000 80.006348 126.256493
42.653259 66.296402 3.813684
-75.919106 -125.575302 -34.624969
-38.162796 111.138298 -22.940722
-9.788606 -24.177748 -59.667187
25.889378 9.737902 -66.329895
-21.114557 153.046509 6.293361
-128.270554 -69.546234 -85.433762
-48.985703 11.204460 37.535671
-48.801590 -80.030708 -38.769253
47.013176 -28.538435 12.291204
-4.463767 19.202765 -117.503174
-71.177887 -30.725256 -24.053484
63.353619 -152.594223 -80.394478
39.706078 -38.646938 -38.037735
6.001631 184.101074 -23.451298
-72.436127 29.619188 85.918488
